#Layer_Color=32768
#
#Feature symbol names
#
$0 r3.937
$1 r1.9685

#
#Feature attribute names
#

#
#Layer features
#
L 0.1594489 0.0443628 0.1594489 0.1506621 1 P 0
L 0.1594489 0.0443628 0.218504 0.0443628 1 P 0
L 0.1594489 0.1506621 0.218504 0.1506621 1 P 0
L 0.1702756 0.0975124 0.2076772 0.0975124 0 P 0
L 0.1889764 0.0788117 0.1889764 0.1162132 0 P 0
L 0.218504 0.0443628 0.218504 0.1506621 1 P 0
L 0.2349055 0.020436 0.2349055 0.0952391 1 P 0
L 0.2349055 0.020436 0.3687638 0.020436 1 P 0
L 0.2349055 0.0952391 0.3687638 0.0952391 1 P 0
L 0.2519685 0.2773621 0.2519685 0.3364172 1 P 0
L 0.2519685 0.2773621 0.3582678 0.2773621 1 P 0
L 0.2519685 0.3364172 0.3582678 0.3364172 1 P 0
L 0.2821496 0.0578376 0.3215197 0.0578376 0 P 0
L 0.2864174 0.3068897 0.3238189 0.3068897 0 P 0
L 0.3018346 0.0381525 0.3018346 0.0775226 0 P 0
L 0.3051181 0.2881889 0.3051181 0.3255905 0 P 0
L 0.3582678 0.2773621 0.3582678 0.3364172 1 P 0
L 0.3687638 0.020436 0.3687638 0.0952391 1 P 0
L 0.4625985 0.1594488 0.4625985 0.2657481 1 P 0
L 0.4625985 0.1594488 0.5216536 0.1594488 1 P 0
L 0.4625985 0.2657481 0.5216536 0.2657481 1 P 0
L 0.4734252 0.2125984 0.5108268 0.2125984 0 P 0
L 0.492126 0.1938977 0.492126 0.2312992 0 P 0
L 0.5216536 0.1594488 0.5216536 0.2657481 1 P 0
L 0.5233071 0.0531496 0.5233071 0.1279527 1 P 0
L 0.5233071 0.0531496 0.6571654 0.0531496 1 P 0
L 0.5233071 0.1279527 0.6571654 0.1279527 1 P 0
L 0.5314961 0.1812286 0.5314961 0.2835908 0 P 0
L 0.5314961 0.1812286 0.6496063 0.1812286 0 P 0
L 0.5314961 0.2835908 0.6496063 0.2835908 0 P 0
L 0.5705512 0.0905512 0.6099213 0.0905512 0 P 0
L 0.5902362 0.0708661 0.5902362 0.1102362 0 P 0
L 0.6496063 0.1812286 0.6496063 0.2835908 0 P 0
L 0.6571654 0.0531496 0.6571654 0.1279527 1 P 0
L 0.7559055 0.3011812 0.7559055 0.3602363 1 P 0
L 0.7559055 0.3011812 0.8622048 0.3011812 1 P 0
L 0.7559055 0.3602363 0.8622048 0.3602363 1 P 0
L 0.7677165 0.0216535 0.7677165 0.0964566 1 P 0
L 0.7677165 0.0216535 0.9015748 0.0216535 1 P 0
L 0.7677165 0.0964566 0.9015748 0.0964566 1 P 0
L 0.7818897 0.1161418 0.7818897 0.1751969 1 P 0
L 0.7818897 0.1161418 0.888189 0.1161418 1 P 0
L 0.7818897 0.1751969 0.888189 0.1751969 1 P 0
L 0.7874016 0.1830709 0.7874016 0.2618111 1 P 0
L 0.7874016 0.1830709 0.8897638 0.1830709 1 P 0
L 0.7874016 0.2618111 0.8897638 0.2618111 1 P 0
L 0.7903544 0.3307087 0.8277559 0.3307087 0 P 0
L 0.8090552 0.3120079 0.8090552 0.3494095 0 P 0
L 0.8149606 0.0590551 0.8543307 0.0590551 0 P 0
L 0.8163386 0.1456693 0.8537401 0.1456693 0 P 0
L 0.8188977 0.222441 0.8582678 0.222441 0 P 0
L 0.8346456 0.03937 0.8346456 0.0787401 0 P 0
L 0.8350394 0.1269685 0.8350394 0.1643701 0 P 0
L 0.8385827 0.2027559 0.8385827 0.242126 0 P 0
L 0.8622048 0.3011812 0.8622048 0.3602363 1 P 0
L 0.8670947 0.3011811 0.8670947 0.3602362 1 P 0
L 0.8670947 0.3011811 0.973394 0.3011811 1 P 0
L 0.8670947 0.3602362 0.973394 0.3602362 1 P 0
L 0.888189 0.1161418 0.888189 0.1751969 1 P 0
L 0.8897638 0.1830709 0.8897638 0.2618111 1 P 0
L 0.9015436 0.3307087 0.9389451 0.3307087 0 P 0
L 0.9015748 0.0216535 0.9015748 0.0964566 1 P 0
L 0.9202443 0.3120079 0.9202443 0.3494095 0 P 0
L 0.9311023 0.1106299 0.9311023 0.2877953 1 P 0
L 0.9311023 0.1106299 1.1082677 0.1106299 1 P 0
L 0.9311023 0.2877953 1.0177165 0.2877953 1 P 0
L 0.9488189 0.0216535 0.9488189 0.0964566 1 P 0
L 0.9488189 0.0216535 1.0826772 0.0216535 1 P 0
L 0.9488189 0.0964566 1.0826772 0.0964566 1 P 0
L 0.973394 0.3011811 0.973394 0.3602362 1 P 0
L 0.9852362 0.3011811 0.9852362 0.3602362 1 P 0
L 0.9852362 0.3011811 1.0915354 0.3011811 1 P 0
L 0.9852362 0.3602362 1.0915354 0.3602362 1 P 0
L 0.996063 0.0590551 1.0354331 0.0590551 0 P 0
L 1.007874 0.1992126 1.031496 0.1992126 0 P 0
L 1.015748 0.03937 1.015748 0.0787401 0 P 0
L 1.0177165 0.2877953 1.1082677 0.2877953 1 P 0
L 1.019685 0.1874016 1.019685 0.2110236 0 P 0
L 1.019685 0.3307087 1.0570866 0.3307087 0 P 0
L 1.0383858 0.3120079 1.0383858 0.3494094 0 P 0
L 1.0826772 0.0216535 1.0826772 0.0964566 1 P 0
L 1.0915354 0.3011811 1.0915354 0.3602362 1 P 0
L 1.1082677 0.1106299 1.1082677 0.15 1 P 0
L 1.1082677 0.15 1.1082677 0.2877953 1 P 0
L 1.1437008 0.1322834 1.1437008 0.2661417 1 P 0
L 1.1437008 0.1322834 1.2185039 0.1322834 1 P 0
L 1.1437008 0.2661417 1.2185039 0.2661417 1 P 0
L 1.1614173 0.1992126 1.2007874 0.1992126 0 P 0
L 1.1811024 0.1795275 1.1811024 0.2188976 0 P 0
L 1.2185039 0.1322834 1.2185039 0.2661417 1 P 0
