#Layer_Color=32768
#
#Feature symbol names
#
$0 r1.9685
$1 r3.937

#
#Feature attribute names
#

#
#Layer features
#
L 0.0472442 0.3730315 0.2677166 0.3730315 0 P 0
L 0.0472442 0.3740157 0.0472442 0.6102362 0 P 0
L 0.0472442 0.6102362 0.2677166 0.6102362 0 P 0
L 0.0708662 0.6279528 0.0708662 0.7027559 0 P 0
L 0.0708662 0.6279528 0.2047245 0.6279528 0 P 0
L 0.0708662 0.7027559 0.2047245 0.7027559 0 P 0
L 0.1181103 0.6653543 0.1574804 0.6653543 1 P 0
L 0.1377954 0.6456693 0.1377954 0.6850394 1 P 0
L 0.2047245 0.6279528 0.2047245 0.7027559 0 P 0
L 0.2185073 0.6535433 0.2185073 0.9803149 0 P 0
L 0.2185073 0.6535433 0.608271 0.6535433 0 P 0
L 0.2185073 0.9803149 0.608271 0.9803149 0 P 0
L 0.2677166 0.3740157 0.2677166 0.6102362 0 P 0
L 0.3131477 0.3525177 0.3131477 0.5651161 0 P 0
L 0.3131477 0.3525177 0.6438563 0.3525177 0 P 0
L 0.3131477 0.5651161 0.6438563 0.5651161 0 P 0
L 0.3257874 0.5944881 0.3257874 0.6496063 0 P 0
L 0.3257874 0.5944881 0.4438976 0.5944881 0 P 0
L 0.3257874 0.6496063 0.4438976 0.6496063 0 P 0
L 0.3661417 0.6220472 0.4035432 0.6220472 1 P 0
L 0.3848425 0.6033464 0.3848425 0.640748 1 P 0
L 0.3956727 0.8307086 0.4153577 0.8307086 1 P 0
L 0.4153577 0.8110236 0.4153577 0.8307086 1 P 0
L 0.4153577 0.8307086 0.4153577 0.8503936 1 P 0
L 0.4153577 0.8307086 0.4350427 0.8307086 1 P 0
L 0.4232284 0.2737717 0.4232284 0.3288899 0 P 0
L 0.4232284 0.2737717 0.5413386 0.2737717 0 P 0
L 0.4232284 0.3288899 0.5413386 0.3288899 0 P 0
L 0.4438976 0.5944881 0.4438976 0.6496063 0 P 0
L 0.458817 0.4588169 0.4981871 0.4588169 1 P 0
L 0.4635828 0.3013308 0.5009843 0.3013308 1 P 0
L 0.4637829 0.5944881 0.4637829 0.6496063 0 P 0
L 0.4637829 0.5944881 0.5818931 0.5944881 0 P 0
L 0.4637829 0.6496063 0.5818931 0.6496063 0 P 0
L 0.478502 0.4391319 0.478502 0.4785019 1 P 0
L 0.4822835 0.28263 0.4822835 0.3200316 1 P 0
L 0.5041373 0.6220472 0.5415388 0.6220472 1 P 0
L 0.522838 0.6033464 0.522838 0.640748 1 P 0
L 0.5413386 0.2737717 0.5413386 0.3288899 0 P 0
L 0.5818931 0.5944881 0.5818931 0.6496063 0 P 0
L 0.608271 0.6535433 0.608271 0.9803149 0 P 0
L 0.6304094 0.2575433 0.6304094 0.3323464 0 P 0
L 0.6304094 0.2575433 0.7642677 0.2575433 0 P 0
L 0.6304094 0.3323464 0.7642677 0.3323464 0 P 0
L 0.6438563 0.3525177 0.6438563 0.5651161 0 P 0
L 0.6776535 0.2949448 0.7170236 0.2949448 1 P 0
L 0.6973386 0.2752598 0.6973386 0.3146299 1 P 0
L 0.7086614 0.3566477 0.7086614 0.462947 0 P 0
L 0.7086614 0.3566477 0.7677165 0.3566477 0 P 0
L 0.7086614 0.462947 0.7677165 0.462947 0 P 0
L 0.7194882 0.4097974 0.7568898 0.4097974 1 P 0
L 0.738189 0.3910966 0.738189 0.4284981 1 P 0
L 0.7642677 0.2575433 0.7642677 0.3323464 0 P 0
L 0.7677165 0.3566477 0.7677165 0.462947 0 P 0
