#Layer_Color=32768
#
#Feature symbol names
#
$0 r3.937
$1 r1.9685
$2 r7.874

#
#Feature attribute names
#

#
#Layer features
#
L -0.0112401 1.3762626 -0.0112401 1.4136642 0 P 0
L -0.019685 1.1522083 -0.019685 1.1896099 0 P 0
L -0.0199484 1.2111232 -0.0199484 1.2485248 0 P 0
L -0.0199484 1.2891459 -0.0199484 1.3265475 0 P 0
L -0.0299409 1.3949634 0.0074606 1.3949634 0 P 0
L 0.0366141 1.5570866 0.0759842 1.5570866 0 P 0
L -0.0383857 1.1709091 -0.0009842 1.1709091 0 P 0
L -0.0386491 1.3078467 -0.0012476 1.3078467 0 P 0
L -0.0386492 1.229824 -0.0012477 1.229824 0 P 0
L 0.0391067 1.2022649 0.0391067 1.2573831 1 P 0
L 0.0391067 1.2802876 0.0391067 1.3354058 1 P 0
L 0.0393701 1.14335 0.0393701 1.1984682 1 P 0
L 0.047815 1.3674043 0.047815 1.4225225 1 P 0
L 0.0531495 0.966325 0.0531495 1.1001832 1 P 0
L 0.0531495 0.966325 0.2586613 0.966325 1 P 0
L 0.0531495 1.1001832 0.2586613 1.1001832 1 P 0
L 0.0562992 1.5374016 0.0562992 1.5767716 0 P 0
L -0.0702952 1.3674043 0.047815 1.3674043 1 P 0
L -0.0702952 1.3674043 -0.0702952 1.4225225 1 P 0
L -0.0702952 1.4225225 0.047815 1.4225225 1 P 0
L 0.0708773 1.3674043 0.0708773 1.4225225 1 P 0
L 0.0708773 1.3674043 0.1889875 1.3674043 1 P 0
L 0.0708773 1.4225225 0.1889875 1.4225225 1 P 0
L -0.0787401 1.14335 0.0393701 1.14335 1 P 0
L -0.0787401 1.14335 -0.0787401 1.1984682 1 P 0
L -0.0787401 1.1984682 0.0393701 1.1984682 1 P 0
L -0.0790035 1.2022649 0.0391067 1.2022649 1 P 0
L -0.0790035 1.2022649 -0.0790035 1.2573831 1 P 0
L -0.0790035 1.2573831 0.0391067 1.2573831 1 P 0
L -0.0790035 1.2802876 0.0391067 1.2802876 1 P 0
L -0.0790035 1.2802876 -0.0790035 1.3354058 1 P 0
L -0.0790035 1.3354058 0.0391067 1.3354058 1 P 0
L -0.0838302 0.3625881 0.0108218 0.2679361 0 P 0
L -0.089398 0.1677163 0.0108218 0.2679361 0 P 0
L -0.1005335 0.2512328 -0.0726947 0.2790716 2 P 0
L -0.1005335 0.2790716 -0.0726947 0.2512328 2 P 0
L -0.1090551 1.4507874 -0.1090551 1.6633858 1 P 0
L -0.1090551 1.4507874 0.2216535 1.4507874 1 P 0
L -0.1090551 1.6633858 0.2216535 1.6633858 1 P 0
L 0.1112316 1.3949634 0.1486331 1.3949634 0 P 0
L -0.1151066 2.2278244 -0.0204546 2.3224764 0 P 0
L -0.1206744 2.4226962 -0.0204546 2.3224764 0 P 0
L 0.1259842 2.4468503 0.1259842 2.5649605 1 P 0
L 0.1259842 2.4468503 0.1811024 2.4468503 1 P 0
L 0.1259842 2.5649605 0.1811024 2.5649605 1 P 0
L 0.1259954 2.1210629 0.1259954 2.2549212 1 P 0
L 0.1259954 2.1210629 0.2007985 2.1210629 1 P 0
L 0.1259954 2.2549212 0.2007985 2.2549212 1 P 0
L 0.1299324 1.3762626 0.1299324 1.4136642 0 P 0
L -0.1318099 2.3113409 -0.1039711 2.3391797 2 P 0
L -0.1318099 2.3391797 -0.1039711 2.3113409 2 P 0
L 0.1348425 2.5059054 0.1722441 2.5059054 0 P 0
L 0.1362204 1.0332541 0.1755905 1.0332541 0 P 0
L 0.1437119 2.1879921 0.183082 2.1879921 0 P 0
L 0.1535433 2.4872047 0.1535433 2.5246062 0 P 0
L 0.1559054 1.0135691 0.1559054 1.0529392 0 P 0
L 0.163397 2.168307 0.163397 2.2076771 0 P 0
L 0.1811024 2.4468503 0.1811024 2.5649605 1 P 0
L -0.18405 0.2623683 -0.0838302 0.3625881 0 P 0
L -0.18405 0.2623683 -0.089398 0.1677163 0 P 0
L 0.1889875 1.3674043 0.1889875 1.4225225 1 P 0
L 0.1976378 2.35 0.1976378 2.6767716 1 P 0
L 0.1976378 2.35 0.5874015 2.35 1 P 0
L 0.1976378 2.6767716 0.5874015 2.6767716 1 P 0
L 0.2007985 2.1210629 0.2007985 2.2549212 1 P 0
L -0.2153264 2.3280442 -0.1151066 2.2278244 0 P 0
L -0.2153264 2.3280442 -0.1206744 2.4226962 0 P 0
L 0.2216535 1.4507874 0.2216535 1.6633858 1 P 0
L 0.2381889 0.0009842 0.2381889 0.2982283 1 P 0
L 0.2381889 0.0009842 0.5885827 0.0009842 1 P 0
L 0.2381889 0.2982283 0.5885827 0.2982283 1 P 0
L 0.2409449 2.03402 0.2409449 2.2544924 1 P 0
L 0.2409449 2.03402 0.5330709 2.03402 1 P 0
L 0.2409449 2.2544924 0.5330709 2.2544924 1 P 0
L 0.2413385 1.3858268 0.2413385 1.503937 1 P 0
L 0.2413385 1.3858268 0.2964567 1.3858268 1 P 0
L 0.2413385 1.503937 0.2964567 1.503937 1 P 0
L 0.2501968 1.4448819 0.2875984 1.4448819 0 P 0
L 0.2559055 2.2823293 0.2559055 2.3374475 1 P 0
L 0.2559055 2.2823293 0.3740157 2.2823293 1 P 0
L 0.2559055 2.3374475 0.3740157 2.3374475 1 P 0
L 0.2586613 0.966325 0.2586613 1.1001832 1 P 0
L 0.2688976 1.4261812 0.2688976 1.4635827 0 P 0
L 0.2874015 0.9717049 0.2874015 1.0898151 1 P 0
L 0.2874015 0.9717049 0.3425197 0.9717049 1 P 0
L 0.2874015 1.0898151 0.3425197 1.0898151 1 P 0
L 0.2962598 1.03076 0.3336614 1.03076 0 P 0
L 0.2962598 2.3098884 0.3336613 2.3098884 0 P 0
L 0.2964567 1.3858268 0.2964567 1.503937 1 P 0
L 0.3149606 1.0120592 0.3149606 1.0494607 0 P 0
L 0.3149606 2.2911876 0.3149606 2.3285892 0 P 0
L 0.3200788 1.3913386 0.3200788 1.5968504 1 P 0
L 0.3200788 1.3913386 0.453937 1.3913386 1 P 0
L 0.3200788 1.5968504 0.453937 1.5968504 1 P 0
L 0.3425197 0.9717049 0.3425197 1.0898151 1 P 0
L 0.3673228 1.4940945 0.4066929 1.4940945 0 P 0
L 0.3740157 2.2823293 0.3740157 2.3374475 1 P 0
L 0.3748032 2.5271653 0.3944882 2.5271653 0 P 0
L 0.3858268 2.2823299 0.3858268 2.3374481 1 P 0
L 0.3858268 2.2823299 0.503937 2.2823299 1 P 0
L 0.3858268 2.3374481 0.503937 2.3374481 1 P 0
L 0.3870079 1.4744095 0.3870079 1.5137796 0 P 0
L 0.3937008 0.0984252 0.4330708 0.0984252 1 P 0
L 0.3944882 2.5074803 0.3944882 2.5271653 0 P 0
L 0.3944882 2.5271653 0.3944882 2.5468503 0 P 0
L 0.3944882 2.5271653 0.4141732 2.5271653 0 P 0
L 0.4133858 0.0787402 0.4133858 0.1181102 1 P 0
L 0.4261812 2.309889 0.4635827 2.309889 0 P 0
L 0.4448819 2.2911882 0.4448819 2.3285898 0 P 0
L 0.453937 1.3913386 0.453937 1.5968504 1 P 0
L 0.4763779 1.1499728 0.4763779 1.3554846 1 P 0
L 0.4763779 1.1499728 0.6102361 1.1499728 1 P 0
L 0.4763779 1.3554846 0.6102361 1.3554846 1 P 0
L 0.503937 2.2823299 0.503937 2.3374481 1 P 0
L 0.5157207 1.4904772 0.5157207 1.6085874 0 P 0
L 0.5157207 1.4904772 0.6180829 1.4904772 0 P 0
L 0.5157207 1.6085874 0.6180829 1.6085874 0 P 0
L 0.5177165 1.4094487 0.5177165 1.4645669 1 P 0
L 0.5177165 1.4094487 0.6358267 1.4094487 1 P 0
L 0.5177165 1.4645669 0.6358267 1.4645669 1 P 0
L 0.5236219 1.2527287 0.562992 1.2527287 0 P 0
L 0.5330709 2.03402 0.5330709 2.2544924 1 P 0
L 0.543307 1.2330437 0.543307 1.2724138 0 P 0
L 0.5501811 2.092358 0.5501811 2.2104682 1 P 0
L 0.5501811 2.092358 0.6052993 2.092358 1 P 0
L 0.5501811 2.2104682 0.6052993 2.2104682 1 P 0
L 0.5580708 1.4370078 0.5954723 1.4370078 0 P 0
L 0.5590394 2.1514131 0.596441 2.1514131 0 P 0
L 0.5767716 1.418307 0.5767716 1.4557086 0 P 0
L 0.5777402 2.1327124 0.5777402 2.1701139 0 P 0
L 0.5874015 2.35 0.5874015 2.6767716 1 P 0
L 0.5885827 0.0009842 0.5885827 0.2982283 1 P 0
L -0.58937 1.6811024 -0.58937 1.8149606 0 P 0
L -0.5893701 0.8655511 -0.5893701 0.9994093 0 P 0
L 0.6052993 2.092358 0.6052993 2.2104682 1 P 0
L 0.6102361 1.1499728 0.6102361 1.3554846 1 P 0
L 0.6180829 1.4904772 0.6180829 1.6085874 0 P 0
L 0.6200787 1.2082845 0.6200787 1.3421428 1 P 0
L 0.6200787 1.2082845 0.6948818 1.2082845 1 P 0
L 0.6200787 1.3421428 0.6948818 1.3421428 1 P 0
L 0.6358267 1.4094487 0.6358267 1.4645669 1 P 0
L 0.6377952 1.2752137 0.6771653 1.2752137 0 P 0
L 0.6574803 1.2555286 0.6574803 1.2948987 0 P 0
L -0.6602361 1.7283465 -0.6602361 1.7677165 2 P 0
L -0.6602362 0.9127952 -0.6602362 0.9521652 2 P 0
L 0.675896 1.4809555 0.675896 1.6148138 1 P 0
L 0.675896 1.4809555 0.7506991 1.4809555 1 P 0
L 0.675896 1.6148138 0.7506991 1.6148138 1 P 0
L -0.6799211 1.7480315 -0.6405511 1.7480315 2 P 0
L -0.6799212 0.9324802 -0.6405512 0.9324802 2 P 0
L 0.6936125 1.5478846 0.7329826 1.5478846 0 P 0
L 0.6948818 1.2082845 0.6948818 1.3421428 1 P 0
L 0.7106299 1.2082845 0.7106299 1.3421428 1 P 0
L 0.7106299 1.2082845 0.785433 1.2082845 1 P 0
L 0.7106299 1.3421428 0.785433 1.3421428 1 P 0
L 0.7132975 1.5281996 0.7132975 1.5675697 0 P 0
L 0.7283464 1.2752137 0.7677165 1.2752137 0 P 0
L -0.7311022 1.6811024 -0.58937 1.6811024 0 P 0
L -0.7311022 1.6811024 -0.7311022 1.8149606 0 P 0
L -0.7311022 1.8149606 -0.58937 1.8149606 0 P 0
L -0.7311023 0.8655511 -0.5893701 0.8655511 0 P 0
L -0.7311023 0.8655511 -0.7311023 0.9994093 0 P 0
L -0.7311023 0.9994093 -0.5893701 0.9994093 0 P 0
L 0.7480315 1.2555286 0.7480315 1.2948987 0 P 0
L 0.7506991 1.4809555 0.7506991 1.6148138 1 P 0
L 0.7586436 0.2785942 0.8532956 0.3732462 0 P 0
L 0.7586436 0.2785942 0.8588634 0.1783744 0 P 0
L 0.785433 1.2082845 0.785433 1.3421428 1 P 0
L 0.7947351 2.3331344 0.8893871 2.2384824 0 P 0
L 0.7947351 2.3331344 0.8949549 2.4333542 0 P 0
L 0.8421601 0.2618909 0.8699989 0.2897297 2 P 0
L 0.8421601 0.2897297 0.8699989 0.2618909 2 P 0
L 0.8532956 0.3732462 0.9535154 0.2730264 0 P 0
L 0.8588634 0.1783744 0.9535154 0.2730264 0 P 0
L 0.8782516 2.3219989 0.9060904 2.3498377 2 P 0
L 0.8782516 2.3498377 0.9060904 2.3219989 2 P 0
L 0.8893871 2.2384824 0.9896069 2.3387022 0 P 0
L 0.8949549 2.4333542 0.9896069 2.3387022 0 P 0
L 1.4035434 0.8694882 1.4035434 1.0033464 0 P 0
L 1.4035434 0.8694882 1.5452756 0.8694882 0 P 0
L 1.4035434 1.0033464 1.5452756 1.0033464 0 P 0
L 1.4035435 1.6850394 1.4035435 1.8188976 0 P 0
L 1.4035435 1.6850394 1.5452757 1.6850394 0 P 0
L 1.4035435 1.8188976 1.5452757 1.8188976 0 P 0
L 1.4547245 0.9364173 1.4940945 0.9364173 2 P 0
L 1.4547246 1.7519685 1.4940946 1.7519685 2 P 0
L 1.4744095 0.9167323 1.4744095 0.9561023 2 P 0
L 1.4744096 1.7322835 1.4744096 1.7716535 2 P 0
L 1.5452756 0.8694882 1.5452756 1.0033464 0 P 0
L 1.5452757 1.6850394 1.5452757 1.8188976 0 P 0
