#Layer_Color=16711935
#
#Feature symbol names
#
$0 r7.874
$1 r3.937
$2 r5
$3 rect114.9606x24.3583

#
#Feature attribute names
#

#
#Layer features
#
A 0.6242124 0.9102362 0.6242124 0.9102362 0.6202754 0.9102362 0 P 0 N
A 0.7354331 1.5729528 0.7354331 1.5729528 0.7314961 1.5729528 0 P 0 N
A 1.0570866 0.753937 1.0570866 0.753937 1.0374016 0.753937 1 P 0 N
A 1.183071 1.2106299 1.183071 1.2106299 1.179134 1.2106299 0 P 0 N
A 2.503937 1.7795275 2.503937 1.7795275 2.5 1.7795275 0 P 0 N
A 2.503937 2.003937 2.503937 2.003937 2.484252 2.003937 1 P 0 N
A 2.7992126 2.4023622 2.7992126 2.4023622 2.7952756 2.4023622 0 P 0 N
A 2.9732283 1.1829528 2.9732283 1.1829528 2.9692913 1.1829528 0 P 0 N
A 3.1437008 0.9003937 3.1437008 0.9003937 3.1397638 0.9003937 0 P 0 N
L 0.0264961 0.9679528 0.0264961 1.7979528 2 P 0
L 0.0264961 0.9679528 0.6864961 0.9679528 2 P 0
L 0.0264961 1.7979528 0.6864961 1.7979528 2 P 0
L 0.3722439 0.4291339 0.3722439 0.515748 1 P 0
L 0.3722439 0.4291339 0.427362 0.4291339 1 P 0
L 0.3722439 0.515748 0.427362 0.515748 1 P 0
L 0.4232282 0.6594488 0.4232282 0.8169292 2 P 0
L 0.4232282 0.6594488 0.6200786 0.6594488 2 P 0
L 0.4232282 0.8169292 0.6200786 0.8169292 2 P 0
L 0.427362 0.4291339 0.427362 0.515748 1 P 0
L 0.4706691 0.4291339 0.4706691 0.515748 1 P 0
L 0.4706691 0.4291339 0.5257872 0.4291339 1 P 0
L 0.4706691 0.515748 0.5257872 0.515748 1 P 0
L 0.5257872 0.4291339 0.5257872 0.515748 1 P 0
L 0.5602361 0.4291339 0.5602361 0.5157481 1 P 0
L 0.5602361 0.4291339 0.6133857 0.4291339 1 P 0
L 0.5602361 0.5157481 0.6133857 0.5157481 1 P 0
L 0.6133857 0.4291339 0.6133857 0.5157481 1 P 0
L 0.6200786 0.6594488 0.6200786 0.8169292 2 P 0
L 0.6566928 0.4291339 0.6566928 0.5157481 1 P 0
L 0.6566928 0.4291339 0.7098424 0.4291339 1 P 0
L 0.6566928 0.5157481 0.7098424 0.5157481 1 P 0
L 0.6864961 0.9679528 0.6864961 1.7979528 2 P 0
L 0.7098424 0.4291339 0.7098424 0.5157481 1 P 0
L 0.7618112 1.2795276 0.7618112 2.5393701 2 P 0
L 0.7618112 1.2795276 1.8484253 1.2795276 2 P 0
L 0.7618112 2.5393701 1.8484253 2.5393701 2 P 0
L 1.0019685 0.7185039 1.0019685 0.9940944 1 P 0
L 1.0019685 0.7185039 1.2027559 0.7185039 1 P 0
L 1.0019685 0.9940944 1.2027559 0.9940944 1 P 0
L 1.0570866 0.5246063 1.0570866 0.5777559 1 P 0
L 1.0570866 0.5246063 1.1437008 0.5246063 1 P 0
L 1.0570866 0.5777559 1.1437008 0.5777559 1 P 0
L 1.1437008 0.5246063 1.1437008 0.5777559 1 P 0
L 1.2027559 0.7185039 1.2027559 0.9940944 1 P 0
L 1.2137797 1.1811023 1.2137797 1.2401575 2 P 0
L 1.2137797 1.1811023 1.3570867 1.1811023 2 P 0
L 1.2137797 1.2401575 1.3570867 1.2401575 2 P 0
L 1.2531497 1.1811023 1.2531497 1.2401575 2 P 0
L 1.2559055 0.8090551 1.2559055 0.8622047 1 P 0
L 1.2559055 0.8090551 1.3425197 0.8090551 1 P 0
L 1.2559055 0.8622047 1.3425197 0.8622047 1 P 0
L 1.2559055 0.8986221 1.2559055 0.9517717 1 P 0
L 1.2559055 0.8986221 1.3425197 0.8986221 1 P 0
L 1.2559055 0.9517717 1.3425197 0.9517717 1 P 0
L 1.2570867 1.1811023 1.2570867 1.2401575 2 P 0
L 1.3257876 0.4950787 1.3257876 0.5816929 1 P 0
L 1.3257876 0.4950787 1.3789372 0.4950787 1 P 0
L 1.3257876 0.5816929 1.3789372 0.5816929 1 P 0
L 1.3425197 0.8090551 1.3425197 0.8622047 1 P 0
L 1.3425197 0.8986221 1.3425197 0.9517717 1 P 0
L 1.3503937 1.0452756 1.3503937 1.1003937 1 P 0
L 1.3503937 1.0452756 1.4645669 1.0452756 1 P 0
L 1.3503937 1.1003937 1.4645669 1.1003937 1 P 0
L 1.3570867 1.1811023 1.3570867 1.2401575 2 P 0
L 1.3789372 0.4950787 1.3789372 0.5816929 1 P 0
L 1.4645669 1.0452756 1.4645669 1.1003937 1 P 0
L 1.5275591 0.9527559 1.5275591 1.03937 1 P 0
L 1.5275591 0.9527559 1.5826772 0.9527559 1 P 0
L 1.5275591 1.03937 1.5826772 1.03937 1 P 0
L 1.5811024 0.1665354 1.5811024 0.8665354 2 P 0
L 1.5811024 0.1665354 3.2811024 0.1665354 2 P 0
L 1.5811024 0.8665354 3.2811024 0.8665354 2 P 0
L 1.5826772 0.9527559 1.5826772 1.03937 1 P 0
L 1.8484253 1.2795276 1.8484253 2.5393701 2 P 0
L 1.8799213 1.0295276 1.8799213 1.1161417 1 P 0
L 1.8799213 1.0295276 1.9350394 1.0295276 1 P 0
L 1.8799213 1.1161417 1.9350394 1.1161417 1 P 0
L 1.9350394 1.0295276 1.9350394 1.1161417 1 P 0
L 2.0255911 2.2086607 2.0255911 2.4409455 0 P 0
L 2.0255911 2.2086607 2.2027559 2.2086607 0 P 0
L 2.0255911 2.4409455 2.2027559 2.4409455 0 P 0
L 2.2027559 2.2086607 2.2027559 2.4409455 0 P 0
L 2.3346456 1.3503937 2.3346456 1.4645669 1 P 0
L 2.3346456 1.3503937 2.3897637 1.3503937 1 P 0
L 2.3346456 1.4645669 2.3897637 1.4645669 1 P 0
L 2.3897637 1.3503937 2.3897637 1.4645669 1 P 0
L 2.4035434 1.0610236 2.4035434 1.1476377 1 P 0
L 2.4035434 1.0610236 2.4586615 1.0610236 1 P 0
L 2.4035434 1.1476377 2.4586615 1.1476377 1 P 0
L 2.4488189 1.9685039 2.4488189 2.2440944 1 P 0
L 2.4488189 1.9685039 2.6496063 1.9685039 1 P 0
L 2.4488189 2.2440944 2.6496063 2.2440944 1 P 0
L 2.4586615 1.0610236 2.4586615 1.1476377 1 P 0
L 2.4704724 1.6015748 2.4704724 1.7448818 2 P 0
L 2.4704724 1.6015748 2.5295276 1.6015748 2 P 0
L 2.4704724 1.7015748 2.5295276 1.7015748 2 P 0
L 2.4704724 1.7055118 2.5295276 1.7055118 2 P 0
L 2.4704724 1.7448818 2.5295276 1.7448818 2 P 0
L 2.4803149 1.3986221 2.4803149 1.4517717 1 P 0
L 2.4803149 1.3986221 2.5669291 1.3986221 1 P 0
L 2.4803149 1.4517717 2.5669291 1.4517717 1 P 0
L 2.492126 1.0610236 2.492126 1.1476377 1 P 0
L 2.492126 1.0610236 2.5472441 1.0610236 1 P 0
L 2.492126 1.1476377 2.5472441 1.1476377 1 P 0
L 2.5287401 2.4438976 2.5287401 2.4970472 1 P 0
L 2.5287401 2.4438976 2.6153543 2.4438976 1 P 0
L 2.5287401 2.4970472 2.6153543 2.4970472 1 P 0
L 2.5295276 1.6015748 2.5295276 1.7448818 2 P 0
L 2.5472441 1.0610236 2.5472441 1.1476377 1 P 0
L 2.5669291 1.3986221 2.5669291 1.4517717 1 P 0
L 2.6153543 2.4438976 2.6153543 2.4970472 1 P 0
L 2.6492126 1.0708661 2.6492126 1.2519685 1 P 0
L 2.6492126 1.0708661 2.7641732 1.0708661 1 P 0
L 2.6492126 1.2519685 2.7641732 1.2519685 1 P 0
L 2.6496063 1.9685039 2.6496063 2.2440944 1 P 0
L 2.6624016 1.515748 2.6624016 1.6023622 1 P 0
L 2.6624016 1.515748 2.7155512 1.515748 1 P 0
L 2.6624016 1.6023622 2.7155512 1.6023622 1 P 0
L 2.6929134 1.8139764 2.6929134 1.867126 1 P 0
L 2.6929134 1.8139764 2.7795276 1.8139764 1 P 0
L 2.6929134 1.867126 2.7795276 1.867126 1 P 0
L 2.7155512 1.515748 2.7155512 1.6023622 1 P 0
L 2.7588583 1.5288189 2.7588583 1.6154331 1 P 0
L 2.7588583 1.5288189 2.8120079 1.5288189 1 P 0
L 2.7588583 1.6154331 2.8120079 1.6154331 1 P 0
L 2.7641732 1.0708661 2.7641732 1.2519685 1 P 0
L 2.765748 2.2244095 2.765748 2.3677165 2 P 0
L 2.765748 2.2244095 2.8248032 2.2244095 2 P 0
L 2.765748 2.3244095 2.8248032 2.3244095 2 P 0
L 2.765748 2.3283465 2.8248032 2.3283465 2 P 0
L 2.765748 2.3677165 2.8248032 2.3677165 2 P 0
L 2.7795276 1.8139764 2.7795276 1.867126 1 P 0
L 2.8070866 2.0413386 2.8070866 2.1515748 1 P 0
L 2.8070866 2.0413386 2.8622047 2.0413386 1 P 0
L 2.8070866 2.1515748 2.8622047 2.1515748 1 P 0
L 2.8120079 1.5288189 2.8120079 1.6154331 1 P 0
L 2.8248032 2.2244095 2.8248032 2.3677165 2 P 0
L 2.8307087 2.4438976 2.8307087 2.4970472 1 P 0
L 2.8307087 2.4438976 2.9173229 2.4438976 1 P 0
L 2.8307087 2.4970472 2.9173229 2.4970472 1 P 0
L 2.8622047 2.0413386 2.8622047 2.1515748 1 P 0
L 2.8769685 1.0688976 2.8769685 1.1555118 1 P 0
L 2.8769685 1.0688976 2.9301181 1.0688976 1 P 0
L 2.8769685 1.1555118 2.9301181 1.1555118 1 P 0
L 2.8769685 1.2411417 2.8769685 1.3277559 1 P 0
L 2.8769685 1.2411417 2.9301181 1.2411417 1 P 0
L 2.8769685 1.3277559 2.9301181 1.3277559 1 P 0
L 2.878937 2.2549212 2.878937 2.3415354 1 P 0
L 2.878937 2.2549212 2.9320866 2.2549212 1 P 0
L 2.878937 2.3415354 2.9320866 2.3415354 1 P 0
L 2.9173229 2.4438976 2.9173229 2.4970472 1 P 0
L 2.9301181 1.0688976 2.9301181 1.1555118 1 P 0
L 2.9301181 1.2411417 2.9301181 1.3277559 1 P 0
L 2.9320866 2.2549212 2.9320866 2.3415354 1 P 0
L 3.0142913 0.9579528 3.0142913 1.7879528 2 P 0
L 3.0142913 0.9579528 3.6742913 0.9579528 2 P 0
L 3.0142913 1.7879528 3.6742913 1.7879528 2 P 0
L 3.0787407 2.2086607 3.0787407 2.4409455 0 P 0
L 3.0787407 2.2086607 3.2559055 2.2086607 0 P 0
L 3.0787407 2.4409455 3.2559055 2.4409455 0 P 0
L 3.2559055 2.2086607 3.2559055 2.4409455 0 P 0
L 3.2811024 0.1665354 3.2811024 0.8665354 2 P 0
L 3.6742913 0.9579528 3.6742913 1.7879528 2 P 0
P 2.7066928 1.239789 3 P 0 0
