#Layer_Color=16711935
#
#Feature symbol names
#
$0 r7.874
$1 r3.937
$2 r5
$3 r1.9685
$4 rect25.5906x114.1732
$5 rect114.1732x25.5906

#
#Feature attribute names
#

#
#Layer features
#
A 0.0996063 1.4744095 0.0799213 1.4940945 0.0996063 1.4940945 1 P 0 N
A 0.5659449 2.0456342 0.5659449 2.0456342 0.5620079 2.0456342 0 P 0 N
L 0.0145004 1.2111232 0.0145004 1.2485248 1 P 0
L 0.0145005 1.2891459 0.0145005 1.3265475 1 P 0
L 0.0147639 1.1522083 0.0147639 1.1896099 1 P 0
L -0.022441 1.4586614 -0.022441 1.6555118 1 P 0
L -0.022441 1.4586614 0.1350393 1.4586614 1 P 0
L -0.022441 1.6555118 0.1350393 1.6555118 1 P 0
L 0.0232087 1.3762626 0.0232087 1.4136642 1 P 0
L -0.045689 1.3762626 0.0232087 1.3762626 1 P 0
L -0.045689 1.3762626 -0.045689 1.4136642 1 P 0
L -0.045689 1.4136642 0.0232087 1.4136642 1 P 0
L -0.0541338 1.1522083 0.0147639 1.1522083 1 P 0
L -0.0541338 1.1522083 -0.0541338 1.1896099 1 P 0
L -0.0541338 1.1896099 0.0147639 1.1896099 1 P 0
L -0.0543972 1.2891459 0.0145005 1.2891459 1 P 0
L -0.0543972 1.2891459 -0.0543972 1.3265475 1 P 0
L -0.0543972 1.3265475 0.0145005 1.3265475 1 P 0
L -0.0543973 1.2111232 0.0145004 1.2111232 1 P 0
L -0.0543973 1.2111232 -0.0543973 1.2485248 1 P 0
L -0.0543973 1.2485248 0.0145004 1.2485248 1 P 0
L 0.0820865 0.9761675 0.0820865 1.0903407 1 P 0
L 0.0820865 0.9761675 0.2297243 0.9761675 1 P 0
L 0.0820865 1.0903407 0.2297243 1.0903407 1 P 0
L -0.0866141 0.1816357 -0.0030976 0.2651522 1 P 0
L -0.0866141 0.3486687 -0.0030976 0.2651522 1 P 0
L 0.0866141 1.1176892 0.0866141 1.3480042 3 P 0
L 0.0866141 1.1176892 0.4606299 1.1176892 3 P 0
L 0.0866141 1.3480042 0.4606299 1.3480042 3 P 0
L 0.0954835 1.3762626 0.0954835 1.4136642 1 P 0
L 0.0954835 1.3762626 0.1643812 1.3762626 1 P 0
L 0.0954835 1.4136642 0.1643812 1.4136642 1 P 0
L -0.1178905 2.2417438 -0.034374 2.3252603 1 P 0
L -0.1178905 2.4087768 -0.034374 2.3252603 1 P 0
L 0.1348425 2.4714566 0.1348425 2.5403543 1 P 0
L 0.1348425 2.4714566 0.1722441 2.4714566 1 P 0
L 0.1348425 2.5403543 0.1722441 2.5403543 1 P 0
L 0.1350393 1.4586614 0.1350393 1.6555118 1 P 0
L 0.1358379 2.144685 0.1358379 2.2312991 1 P 0
L 0.1358379 2.144685 0.190956 2.144685 1 P 0
L 0.1358379 2.2312991 0.190956 2.2312991 1 P 0
L 0.1643812 1.3762626 0.1643812 1.4136642 1 P 0
L 0.1694881 1.1296971 0.1694881 1.3359963 1 P 0
L 0.1694881 1.1296971 0.3777559 1.1296971 1 P 0
L 0.1694881 1.2859963 0.2194881 1.3359963 1 P 0
L 0.1694881 1.3359963 0.3777559 1.3359963 1 P 0
L -0.1701306 0.2651522 -0.0866141 0.1816357 1 P 0
L -0.1701306 0.2651522 -0.0866141 0.3486687 1 P 0
L 0.1722441 2.4714566 0.1722441 2.5403543 1 P 0
L 0.190956 2.144685 0.190956 2.2312991 1 P 0
L -0.201407 2.3252603 -0.1178905 2.2417438 1 P 0
L -0.201407 2.3252603 -0.1178905 2.4087768 1 P 0
L 0.2297243 0.9761675 0.2297243 1.0903407 1 P 0
L 0.2501968 1.4104331 0.2501968 1.4793308 1 P 0
L 0.2501968 1.4104331 0.2875984 1.4104331 1 P 0
L 0.2501968 1.4793308 0.2875984 1.4793308 1 P 0
L 0.2805117 2.2911876 0.2805117 2.3285892 1 P 0
L 0.2805117 2.2911876 0.3494094 2.2911876 1 P 0
L 0.2805117 2.3285892 0.3494094 2.3285892 1 P 0
L 0.2875984 1.4104331 0.2875984 1.4793308 1 P 0
L 0.2962598 0.9963111 0.2962598 1.0652088 1 P 0
L 0.2962598 0.9963111 0.3336614 0.9963111 1 P 0
L 0.2962598 1.0652088 0.3336614 1.0652088 1 P 0
L 0.3082677 2.0438625 0.3082677 2.2446499 2 P 0
L 0.3082677 2.0438625 0.4657481 2.0438625 2 P 0
L 0.3082677 2.2446499 0.4657481 2.2446499 2 P 0
L 0.3299213 1.4202756 0.3299213 1.5679134 1 P 0
L 0.3299213 1.4202756 0.4440945 1.4202756 1 P 0
L 0.3299213 1.5679134 0.4440945 1.5679134 1 P 0
L 0.3336614 0.9963111 0.3336614 1.0652088 1 P 0
L 0.3494094 2.2911876 0.3494094 2.3285892 1 P 0
L 0.3777559 1.1296971 0.3777559 1.3359963 1 P 0
L 0.4104331 2.2911882 0.4104331 2.3285898 1 P 0
L 0.4104331 2.2911882 0.4793308 2.2911882 1 P 0
L 0.4104331 2.3285898 0.4793308 2.3285898 1 P 0
L 0.4440945 1.4202756 0.4440945 1.5679134 1 P 0
L 0.4606299 1.1176892 0.4606299 1.3480042 3 P 0
L 0.4657481 2.0438625 0.4657481 2.2446499 2 P 0
L 0.4793308 2.2911882 0.4793308 2.3285898 1 P 0
L 0.4862204 1.1789098 0.4862204 1.3265476 1 P 0
L 0.4862204 1.1789098 0.6003936 1.1789098 1 P 0
L 0.4862204 1.3265476 0.6003936 1.3265476 1 P 0
L 0.5423227 1.418307 0.5423227 1.4557086 1 P 0
L 0.5423227 1.418307 0.6112204 1.418307 1 P 0
L 0.5423227 1.4557086 0.6112204 1.4557086 1 P 0
L 0.5590394 2.1169643 0.5590394 2.185862 1 P 0
L 0.5590394 2.1169643 0.596441 2.1169643 1 P 0
L 0.5590394 2.185862 0.596441 2.185862 1 P 0
L 0.596441 2.1169643 0.596441 2.185862 1 P 0
L 0.6003936 1.1789098 0.6003936 1.3265476 1 P 0
L -0.601181 1.6889764 -0.601181 1.8070866 1 P 0
L -0.6011811 0.8734251 -0.6011811 0.9915353 1 P 0
L 0.6112204 1.418307 0.6112204 1.4557086 1 P 0
L 0.6299212 1.2319066 0.6299212 1.3185207 1 P 0
L 0.6299212 1.2319066 0.6850393 1.2319066 1 P 0
L 0.6299212 1.3185207 0.6850393 1.3185207 1 P 0
L 0.6850393 1.2319066 0.6850393 1.3185207 1 P 0
L 0.6857385 1.5045776 0.6857385 1.5911917 1 P 0
L 0.6857385 1.5045776 0.7408566 1.5045776 1 P 0
L 0.6857385 1.5911917 0.7408566 1.5911917 1 P 0
L -0.7192912 1.6889764 -0.601181 1.6889764 1 P 0
L -0.7192912 1.6889764 -0.7192912 1.8070866 1 P 0
L -0.7192912 1.8070866 -0.601181 1.8070866 1 P 0
L -0.7192913 0.8734251 -0.6011811 0.8734251 1 P 0
L -0.7192913 0.8734251 -0.7192913 0.9915353 1 P 0
L -0.7192913 0.9915353 -0.6011811 0.9915353 1 P 0
L 0.7204724 1.2319066 0.7204724 1.3185207 1 P 0
L 0.7204724 1.2319066 0.7755905 1.2319066 1 P 0
L 0.7204724 1.3185207 0.7755905 1.3185207 1 P 0
L 0.7408566 1.5045776 0.7408566 1.5911917 1 P 0
L 0.772563 0.2758103 0.8560795 0.1922938 1 P 0
L 0.772563 0.2758103 0.8560795 0.3593268 1 P 0
L 0.7755905 1.2319066 0.7755905 1.3185207 1 P 0
L 0.8086545 2.3359183 0.892171 2.2524018 1 P 0
L 0.8086545 2.3359183 0.892171 2.4194348 1 P 0
L 0.8560795 0.1922938 0.939596 0.2758103 1 P 0
L 0.8560795 0.3593268 0.939596 0.2758103 1 P 0
L 0.892171 2.2524018 0.9756875 2.3359183 1 P 0
L 0.892171 2.4194348 0.9756875 2.3359183 1 P 0
L 1.4153544 0.8773622 1.4153544 0.9954724 1 P 0
L 1.4153544 0.8773622 1.5334646 0.8773622 1 P 0
L 1.4153544 0.9954724 1.5334646 0.9954724 1 P 0
L 1.4153545 1.6929134 1.4153545 1.8110236 1 P 0
L 1.4153545 1.6929134 1.5334647 1.6929134 1 P 0
L 1.4153545 1.8110236 1.5334647 1.8110236 1 P 0
L 1.5334646 0.8773622 1.5334646 0.9954724 1 P 0
L 1.5334647 1.6929134 1.5334647 1.8110236 1 P 0
P 0.2169282 1.033253 4 P 0 0
P 0.3870006 1.555118 5 P 0 0
P 0.5433066 1.3137486 5 P 0 0
S P 0
OB -0.6799211 1.6889763 I
OS -0.7192912 1.6889764
OS -0.7192903 1.7283474
OS -0.6799211 1.6889763
OE
SE
S P 0
OB -0.6799212 0.8734251 I
OS -0.7192913 0.8734251
OS -0.7192904 0.9127961
OS -0.6799212 0.8734251
OE
SE
S P 0
OB -0.1735682 2.2974214 I
OS -0.201407 2.3252603
OS -0.1735669 2.3530992
OS -0.1735682 2.2974214
OE
SE
S P 0
OB 0.8643321 2.391596 I
OS 0.892171 2.4194348
OS 0.9200099 2.3915947
OS 0.8643321 2.391596
OE
SE
S P 0
OB 1.4940946 1.8110236 I
OS 1.5334647 1.8110236
OS 1.5334638 1.7716526
OS 1.4940946 1.8110236
OE
SE
S P 0
OB 1.4940945 0.9954724 I
OS 1.5334646 0.9954724
OS 1.5334637 0.9561014
OS 1.4940945 0.9954724
OE
SE
S P 0
OB 0.9117572 0.3036492 I
OS 0.939596 0.2758103
OS 0.9117559 0.2479714
OS 0.9117572 0.3036492
OE
SE
S P 0
OB -0.0587752 0.2094745 I
OS -0.0866141 0.1816357
OS -0.114453 0.2094758
OS -0.0587752 0.2094745
OE
SE
