#Layer_Color=32768
#
#Feature symbol names
#
$0 r3.937
$1 r7.874
$2 r1.9685

#
#Feature attribute names
#

#
#Layer features
#
L 0.1673228 0.1845473 0.1673228 0.3184055 2 P 0
L 0.1673228 0.1845473 0.234252 0.1845473 2 P 0
L 0.1673228 0.3184055 0.234252 0.3184055 2 P 0
L 0.1712599 0.3405512 0.1712599 0.4468505 2 P 0
L 0.1712599 0.3405512 0.230315 0.3405512 2 P 0
L 0.1712599 0.4468505 0.230315 0.4468505 2 P 0
L 0.1811024 0.2514764 0.2204724 0.2514764 0 P 0
L 0.1820866 0.3937008 0.2194882 0.3937008 0 P 0
L 0.2007874 0.2317913 0.2007874 0.2711614 0 P 0
L 0.2007874 0.3750001 0.2007874 0.4124016 0 P 0
L 0.230315 0.3405512 0.230315 0.4468505 2 P 0
L 0.234252 0.1845473 0.234252 0.3184055 2 P 0
L 0.238189 0.3405512 0.238189 0.4468505 2 P 0
L 0.238189 0.3405512 0.2972441 0.3405512 2 P 0
L 0.238189 0.4468505 0.2972441 0.4468505 2 P 0
L 0.2490157 0.3937008 0.2864173 0.3937008 0 P 0
L 0.2519685 0.1476378 0.2519685 0.2066929 2 P 0
L 0.2519685 0.1476378 0.3582678 0.1476378 2 P 0
L 0.2519685 0.2066929 0.3582678 0.2066929 2 P 0
L 0.2677165 0.3750001 0.2677165 0.4124016 0 P 0
L 0.2864174 0.1771654 0.3238189 0.1771654 0 P 0
L 0.2972441 0.3405512 0.2972441 0.4468505 2 P 0
L 0.3051181 0.1584646 0.3051181 0.1958662 0 P 0
L 0.3070866 0.2283465 0.3070866 0.5590551 2 P 0
L 0.3070866 0.2283465 0.519685 0.2283465 2 P 0
L 0.3070866 0.5590551 0.519685 0.5590551 2 P 0
L 0.33563 0.6702756 0.33563 0.8041338 0 P 0
L 0.33563 0.6702756 0.4773622 0.6702756 0 P 0
L 0.33563 0.8041338 0.4773622 0.8041338 0 P 0
L 0.3582678 0.1476378 0.3582678 0.2066929 2 P 0
L 0.3868111 0.7372047 0.4261811 0.7372047 1 P 0
L 0.3937008 0.3937008 0.4330708 0.3937008 0 P 0
L 0.4064961 0.7175197 0.4064961 0.7568897 1 P 0
L 0.4133858 0.3740158 0.4133858 0.4133859 0 P 0
L 0.4773622 0.6702756 0.4773622 0.8041338 0 P 0
L 0.519685 0.2283465 0.519685 0.5590551 2 P 0
L 0.5295276 0.3188976 0.5295276 0.4527559 2 P 0
L 0.5295276 0.3188976 0.6043307 0.3188976 2 P 0
L 0.5295276 0.4527559 0.6043307 0.4527559 2 P 0
L 0.5472441 0.3858267 0.5866142 0.3858267 0 P 0
L 0.5669291 0.3661417 0.5669291 0.4055118 0 P 0
L 0.6043307 0.3188976 0.6043307 0.4527559 2 P 0
L 0.6161418 0.3188977 0.6161418 0.452756 2 P 0
L 0.6161418 0.3188977 0.6909449 0.3188977 2 P 0
L 0.6161418 0.452756 0.6909449 0.452756 2 P 0
L 0.6338583 0.3858268 0.6732284 0.3858268 0 P 0
L 0.6535433 0.3661418 0.6535433 0.4055119 0 P 0
L 0.6909449 0.3188977 0.6909449 0.452756 2 P 0
