#Layer_Color=16711935
#
#Feature symbol names
#
$0 r3.937

#
#Feature attribute names
#

#
#Layer features
#
L 0.1702756 0.0630636 0.1702756 0.1319613 0 P 0
L 0.1702756 0.0630636 0.2076772 0.0630636 0 P 0
L 0.1702756 0.1319613 0.2076772 0.1319613 0 P 0
L 0.2076772 0.0630636 0.2076772 0.1319613 0 P 0
L 0.2585276 0.0302785 0.2585276 0.0853966 0 P 0
L 0.2585276 0.0302785 0.3451417 0.0302785 0 P 0
L 0.2585276 0.0853966 0.3451417 0.0853966 0 P 0
L 0.2706693 0.2881889 0.2706693 0.3255905 0 P 0
L 0.2706693 0.2881889 0.339567 0.2881889 0 P 0
L 0.2706693 0.3255905 0.339567 0.3255905 0 P 0
L 0.339567 0.2881889 0.339567 0.3255905 0 P 0
L 0.3451417 0.0302785 0.3451417 0.0853966 0 P 0
L 0.4734252 0.1781496 0.4734252 0.2470473 0 P 0
L 0.4734252 0.1781496 0.5108268 0.1781496 0 P 0
L 0.4734252 0.2470473 0.5108268 0.2470473 0 P 0
L 0.5108268 0.1781496 0.5108268 0.2470473 0 P 0
L 0.5469292 0.0629921 0.5469292 0.1181102 0 P 0
L 0.5469292 0.0629921 0.6335433 0.0629921 0 P 0
L 0.5469292 0.1181102 0.6335433 0.1181102 0 P 0
L 0.6335433 0.0629921 0.6335433 0.1181102 0 P 0
L 0.7746063 0.3120079 0.7746063 0.3494095 0 P 0
L 0.7746063 0.3120079 0.843504 0.3120079 0 P 0
L 0.7746063 0.3494095 0.843504 0.3494095 0 P 0
L 0.7913386 0.031496 0.7913386 0.0866141 0 P 0
L 0.7913386 0.031496 0.8779527 0.031496 0 P 0
L 0.7913386 0.0866141 0.8779527 0.0866141 0 P 0
L 0.8005905 0.1269685 0.8005905 0.1643701 0 P 0
L 0.8005905 0.1269685 0.8694882 0.1269685 0 P 0
L 0.8005905 0.1643701 0.8694882 0.1643701 0 P 0
L 0.8149607 0.1909449 0.8149607 0.2539371 0 P 0
L 0.8149607 0.1909449 0.8622047 0.1909449 0 P 0
L 0.8149607 0.2539371 0.8622047 0.2539371 0 P 0
L 0.843504 0.3120079 0.843504 0.3494095 0 P 0
L 0.8622047 0.1909449 0.8622047 0.2539371 0 P 0
L 0.8694882 0.1269685 0.8694882 0.1643701 0 P 0
L 0.8779527 0.031496 0.8779527 0.0866141 0 P 0
L 0.8857955 0.3120079 0.8857955 0.3494095 0 P 0
L 0.8857955 0.3120079 0.9546932 0.3120079 0 P 0
L 0.8857955 0.3494095 0.9546932 0.3494095 0 P 0
L 0.9389687 0.1185117 0.9389687 0.2799261 0 P 0
L 0.9389687 0.1185117 1.1003831 0.1185117 0 P 0
L 0.9389687 0.2799261 1.1003831 0.2799261 0 P 0
L 0.9546932 0.3120079 0.9546932 0.3494095 0 P 0
L 0.972441 0.031496 0.972441 0.0866141 0 P 0
L 0.972441 0.031496 1.0590551 0.031496 0 P 0
L 0.972441 0.0866141 1.0590551 0.0866141 0 P 0
L 1.003937 0.3120079 1.003937 0.3494094 0 P 0
L 1.003937 0.3120079 1.0728346 0.3120079 0 P 0
L 1.003937 0.3494094 1.0728346 0.3494094 0 P 0
L 1.0590551 0.031496 1.0590551 0.0866141 0 P 0
L 1.0728346 0.3120079 1.0728346 0.3494094 0 P 0
L 1.1003831 0.1185117 1.1003831 0.2799261 0 P 0
L 1.1535433 0.1559055 1.1535433 0.2425196 0 P 0
L 1.1535433 0.1559055 1.2086614 0.1559055 0 P 0
L 1.1535433 0.2425196 1.2086614 0.2425196 0 P 0
L 1.2086614 0.1559055 1.2086614 0.2425196 0 P 0
